 3        
33        
333       
33        
11  11    
11  1144  
11   44   
11   3    
 44  3    
4411 33   
  11 0    
  0  0    
  0  0    
  0  0    
  0  0    
 11  0    
 11  0    
  11 0    
  11 2    
   2222   
0 222     
0   2     
0  222    
02  0  3  
222 0  3  
 3 30  33 
33 30   3 
33333   3 
33 3    33
 113     0
 1133  0 0
  00   030
  000  030
 3000  033
 3000  11 
 3320  11 
  222  44 
 44   44  
44 0  0   
 1100 0   
 1100 0   
  200 0   
 222044   
 2  4400  
222   00  
  44  00  
 443 200  
   3222311
   33  311
   3   33 
   3  03  
   33 03  
    2 033 
   22202  
  011 222 
  01144   
  0 443   
  0   3   
  11  33  
  11 11   
   4411   
  44 0    
   2 0    
  2220    
   440    
  4444    
   44     
   0      
   0      
   0    0 
   0    0 
  443  30 
 44 3  30 
 11 33 33 
011 0 311 
0 440 311 
044 0 33  
044 0 44  
443 244   
  3222    
  33      
 11       
 11       
  3      0
0 3      0
0 3344 110
0  44  110
0   11 440
11  1144 0
11   44  0
 44 443  0
44    3  0
 3 3  33 0
 3 3   440
 3333 44 0
