     2    
    2222  
      222 
       2  
      222 
       3  
      33  
      333 
      33  
       44 
      44  
      44  
     44   
      0   
   3  0   
   3  0   
   33 02  
    11222 
    11 2  
  1111222 
  11112   
  3  222  
  3   0   
  33  0   
   44 0   
  44  0   
   4444   
  444411  
      11  
      44  
     44   
    0 0   
    0 0   
    0 0   
    020   
   222211 
  222  11 
    11  44
0   11244 
0    22244
0  0   44 
0  0    3 
11 0    3 
11 0 3  33
1111 3  2 
1111 33222
 311 11 11
 311 11211
 33   222 
 2      3 
22203   3 
 4403   33
440033 44 
  002 442 
  0222 222
  044 03  
  44  03  
   0  033 
   0  0 3 
   0 11 3 
   0 11 33
   3 44 2 
   344 222
   33311  
    0311  
    033   
    011   
    011   
    44    
 0 44     
00 3 3 0  
00 3 3 011
00 3333011
0444411044
444421144 
   222  2 
     0 222
     0  2 
     0 222
   2 0 2  
  2222222 
    222   
     2    
    222   
     0    
     0    
     0    
  3  044  
  3  44   
1133 3    
112  3    
 222 3344 
  11  44  
  11   44 
   3  44  
   3   3  
 0 33  3  
 0 3   33 
 0 3    0 
 0 3344 0 
 3  44  0 
 3  11  0 
 33 11 44 
  444444  
 44440 2  
     0222 
     00   
     00   
 11 440   
 1144 0   
  44 11   
 44  11  0
  0   44 0
  0  44 00
  0   3 00
110   3 00
113   3300
3 3    440
3 33  44 0
33 0  0 11
3  0  0 11
3  0  011 
3320  011 
 222 442  
   344222 
11 3  0   
11 33 0   
 2 11 0   
22211 0 11
3  4444 11
3 4444  0 
33 44   0 
 244 2  0 
222 222 0 
3   3   2 
3   3  222
33  3344  
3  1144   
3  112    
33  222   
