  11      
  11      
   0      
   0      
   0  2   
   0 222  
  44   2  
 442  222 
  222   3 
  2     3 
 222    33
   11   0 
   11   0 
    0   0 
    0   0 
    0   3 
    0 113 
   11 1133
   1144 0 
    442 0 
     2220 
      0 0 
 11   0 2 
 11   0222
 2    044 
222   44  
3  2   0  
3 222  0  
33  4430  
 3 44 30  
 3  3 33  
 33 3 0   
11  330   
112  30   
 222030   
 11 0333  
011 0 33  
011 0 333 
011 2 3311
02 2222 11
222  2222 
  11   222
  11 4444 
 44 4444  
44     3  
 3     3  
 3     33 
 332   2  
  222 222 
    311   
  11311   
  1133    
  11 44   
  1144    
  4444    
 4444     
  11      
  11      
  0       
  0  3    
  0  3 3  
  0  333  
  2   233 
 222 22211
   0 0  11
   0 0   0
   0 0   0
 44020   0
44 222  20
 440   222
44 0    3 
 2 0    3 
2220    33
  44   44 
 44   44  
 2    2   
2220 222  
 440   3  
4430 113  
  30 1133 
  33 443  
111144 3  
11110  33 
 44 0  44 
44  0 44  
 2  0 110 
22211 110 
  21144 00
 22244  00
   44  110
 244   110
22244   00
  44    00
   44   00
  44    00
   11   44
   11  44 
    44  44
   44  44 
   2  11  
  2222112 
    222222
      311 
      311 
      33  
   2  311 
  2223311 
   11333  
 0 1133   
 0 110    
 0 110    
 0  30    
11  30    
11  33  3 
3   0   3 
3   0   33
33  0   3 
3   0   3 
3 1111  33
331111  2 
 311 44222
 3114411  
033   11  
0 2   3 44
0222  344 
044 1133  
443 11 44 
  3  244  
  332222  
  2   222 
 222  2   
 11  222  
 11  44   
11  44    
11   3    
11 2 3    
1122233   
 44 11    
44  11    
 3   44   
 3  44    
 3344     
  443  2  
    3 222 
   23344  
  22244   
 0  44    
 0 44     
 0 3      
 0 3      
 2 33     
22211     
 2 11     
222 2     
 2 222    
222 11    
 3  113 3 
 3   33 3 
 33  33333
 11  33 44
 112  244 
  222222  
   0   0  
   0   0  
   0   0  
 440  20  
4411 2223 
  11 11 3 
  0  11 33
  0   1111
  0   1111
11044  11 
11440  11 
11  0  11 
112 0 211 
 2220222  
