     3    
     3    
     33   
      44  
 2  244   
222222    
  11      
  11      
  0       
  0    44 
  0   44  
11044 2   
11440222  
 3  011   
 3  011   
 33 044   
  1144    
  11 2    
  1122211 
  112  11 
   222 3  
   3   3  
  33   33 
  333   3 
  33    3 
  44    33
 44   311 
 11   311 
 11   33  
  3    2  
  3   222 
  33  2   
  0  2222 
  0    222
  0      0
  0   2  0
  2  22230
 2220 1130
  440 1133
 4430  11 
   30  11 
 2 33 11  
2220  11  
3  0   0  
3  0   0  
33 0 3 0  
 3 443 0  
 344 3344 
 33   44  
